00001110
00002220
00003330
00001110
00002220
00004440
0000abcd
0000adaa
7fababab
55636363
63633636
24242424
7feefefe
7faaeeee
7bcdedf0
7aabbbbb
5bbeaaaa
5fababab
55636363
63633636
24242424
5feefefe
3faaeeee
3bcdedf0
3aabbbbb
00001110
00002220
00004440
7aabbbbb
5bbeaaaa
5fababab
55636363
63633636
5feefefe
3faaeeee
3bcdedf0
3aabbbbb
00002220
00003330
00001110
00002220
00003330
00001110
00002220
00003330
00001110
55636363
63633636
24242424
7feefefe

**** Index Bits: 5 **** 
**** Blocks Per Way: 32 **** 
**** Memory Trace Size: 50 **** 
**** Addr: 00001110 missed in cache ****
********** CACHE TAG CONTENTS **********
00000000     00000000     00000000     
00000000     00000000     00000000     
00000000     00000000     00000000     
00000000     00000000     00000000     
00000000     00000000     00000000     
00000000     00000000     00000000     
00000000     00000000     00000000     
00000000     00000000     00000000     
00000000     00000000     00000000     
00000000     00000000     00000000     
00000000     00000000     00000000     
00000000     00000000     00000000     
00000000     00000000     00000000     
00000000     00000000     00000000     
00000000     00000000     00000000     
00000000     00000000     00000000     
00000088     00000000     00000000     
00000000     00000000     00000000     
00000000     00000000     00000000     
00000000     00000000     00000000     
00000000     00000000     00000000     
00000000     00000000     00000000     
00000000     00000000     00000000     
00000000     00000000     00000000     
00000000     00000000     00000000     
00000000     00000000     00000000     
00000000     00000000     00000000     
00000000     00000000     00000000     
00000000     00000000     00000000     
00000000     00000000     00000000     
00000000     00000000     00000000     
00000000     00000000     00000000     
****************************************
**** Addr: 00002220 missed in cache ****
********** CACHE TAG CONTENTS **********
00000111     00000000     00000000     
00000000     00000000     00000000     
00000000     00000000     00000000     
00000000     00000000     00000000     
00000000     00000000     00000000     
00000000     00000000     00000000     
00000000     00000000     00000000     
00000000     00000000     00000000     
00000000     00000000     00000000     
00000000     00000000     00000000     
00000000     00000000     00000000     
00000000     00000000     00000000     
00000000     00000000     00000000     
00000000     00000000     00000000     
00000000     00000000     00000000     
00000000     00000000     00000000     
00000088     00000000     00000000     
00000000     00000000     00000000     
00000000     00000000     00000000     
00000000     00000000     00000000     
00000000     00000000     00000000     
00000000     00000000     00000000     
00000000     00000000     00000000     
00000000     00000000     00000000     
00000000     00000000     00000000     
00000000     00000000     00000000     
00000000     00000000     00000000     
00000000     00000000     00000000     
00000000     00000000     00000000     
00000000     00000000     00000000     
00000000     00000000     00000000     
00000000     00000000     00000000     
****************************************
**** Addr: 00003330 missed in cache ****
********** CACHE TAG CONTENTS **********
00000111     00000000     00000000     
00000000     00000000     00000000     
00000000     00000000     00000000     
00000000     00000000     00000000     
00000000     00000000     00000000     
00000000     00000000     00000000     
00000000     00000000     00000000     
00000000     00000000     00000000     
00000000     00000000     00000000     
00000000     00000000     00000000     
00000000     00000000     00000000     
00000000     00000000     00000000     
00000000     00000000     00000000     
00000000     00000000     00000000     
00000000     00000000     00000000     
00000000     00000000     00000000     
00000088     00000199     00000000     
00000000     00000000     00000000     
00000000     00000000     00000000     
00000000     00000000     00000000     
00000000     00000000     00000000     
00000000     00000000     00000000     
00000000     00000000     00000000     
00000000     00000000     00000000     
00000000     00000000     00000000     
00000000     00000000     00000000     
00000000     00000000     00000000     
00000000     00000000     00000000     
00000000     00000000     00000000     
00000000     00000000     00000000     
00000000     00000000     00000000     
00000000     00000000     00000000     
****************************************
**** Addr: 00001110 hit in cache ****
********** CACHE TAG CONTENTS **********
00000111     00000000     00000000     
00000000     00000000     00000000     
00000000     00000000     00000000     
00000000     00000000     00000000     
00000000     00000000     00000000     
00000000     00000000     00000000     
00000000     00000000     00000000     
00000000     00000000     00000000     
00000000     00000000     00000000     
00000000     00000000     00000000     
00000000     00000000     00000000     
00000000     00000000     00000000     
00000000     00000000     00000000     
00000000     00000000     00000000     
00000000     00000000     00000000     
00000000     00000000     00000000     
00000088     00000199     00000000     
00000000     00000000     00000000     
00000000     00000000     00000000     
00000000     00000000     00000000     
00000000     00000000     00000000     
00000000     00000000     00000000     
00000000     00000000     00000000     
00000000     00000000     00000000     
00000000     00000000     00000000     
00000000     00000000     00000000     
00000000     00000000     00000000     
00000000     00000000     00000000     
00000000     00000000     00000000     
00000000     00000000     00000000     
00000000     00000000     00000000     
00000000     00000000     00000000     
****************************************
**** Addr: 00002220 hit in cache ****
********** CACHE TAG CONTENTS **********
00000111     00000000     00000000     
00000000     00000000     00000000     
00000000     00000000     00000000     
00000000     00000000     00000000     
00000000     00000000     00000000     
00000000     00000000     00000000     
00000000     00000000     00000000     
00000000     00000000     00000000     
00000000     00000000     00000000     
00000000     00000000     00000000     
00000000     00000000     00000000     
00000000     00000000     00000000     
00000000     00000000     00000000     
00000000     00000000     00000000     
00000000     00000000     00000000     
00000000     00000000     00000000     
00000088     00000199     00000000     
00000000     00000000     00000000     
00000000     00000000     00000000     
00000000     00000000     00000000     
00000000     00000000     00000000     
00000000     00000000     00000000     
00000000     00000000     00000000     
00000000     00000000     00000000     
00000000     00000000     00000000     
00000000     00000000     00000000     
00000000     00000000     00000000     
00000000     00000000     00000000     
00000000     00000000     00000000     
00000000     00000000     00000000     
00000000     00000000     00000000     
00000000     00000000     00000000     
****************************************
**** Addr: 00004440 missed in cache ****
********** CACHE TAG CONTENTS **********
00000111     00000222     00000000     
00000000     00000000     00000000     
00000000     00000000     00000000     
00000000     00000000     00000000     
00000000     00000000     00000000     
00000000     00000000     00000000     
00000000     00000000     00000000     
00000000     00000000     00000000     
00000000     00000000     00000000     
00000000     00000000     00000000     
00000000     00000000     00000000     
00000000     00000000     00000000     
00000000     00000000     00000000     
00000000     00000000     00000000     
00000000     00000000     00000000     
00000000     00000000     00000000     
00000088     00000199     00000000     
00000000     00000000     00000000     
00000000     00000000     00000000     
00000000     00000000     00000000     
00000000     00000000     00000000     
00000000     00000000     00000000     
00000000     00000000     00000000     
00000000     00000000     00000000     
00000000     00000000     00000000     
00000000     00000000     00000000     
00000000     00000000     00000000     
00000000     00000000     00000000     
00000000     00000000     00000000     
00000000     00000000     00000000     
00000000     00000000     00000000     
00000000     00000000     00000000     
****************************************
**** Addr: 0000abcd missed in cache ****
********** CACHE TAG CONTENTS **********
00000111     00000222     00000000     
00000000     00000000     00000000     
00000000     00000000     00000000     
00000000     00000000     00000000     
00000000     00000000     00000000     
00000000     00000000     00000000     
00000000     00000000     00000000     
00000000     00000000     00000000     
00000000     00000000     00000000     
00000000     00000000     00000000     
00000000     00000000     00000000     
00000000     00000000     00000000     
00000000     00000000     00000000     
0000055e     00000000     00000000     
00000000     00000000     00000000     
00000000     00000000     00000000     
00000088     00000199     00000000     
00000000     00000000     00000000     
00000000     00000000     00000000     
00000000     00000000     00000000     
00000000     00000000     00000000     
00000000     00000000     00000000     
00000000     00000000     00000000     
00000000     00000000     00000000     
00000000     00000000     00000000     
00000000     00000000     00000000     
00000000     00000000     00000000     
00000000     00000000     00000000     
00000000     00000000     00000000     
00000000     00000000     00000000     
00000000     00000000     00000000     
00000000     00000000     00000000     
****************************************
**** Addr: 0000adaa missed in cache ****
********** CACHE TAG CONTENTS **********
00000111     00000222     00000000     
00000000     00000000     00000000     
00000000     00000000     00000000     
00000000     00000000     00000000     
00000000     00000000     00000000     
00000000     00000000     00000000     
00000000     00000000     00000000     
00000000     00000000     00000000     
00000000     00000000     00000000     
00000000     00000000     00000000     
0000056d     00000000     00000000     
00000000     00000000     00000000     
00000000     00000000     00000000     
0000055e     00000000     00000000     
00000000     00000000     00000000     
00000000     00000000     00000000     
00000088     00000199     00000000     
00000000     00000000     00000000     
00000000     00000000     00000000     
00000000     00000000     00000000     
00000000     00000000     00000000     
00000000     00000000     00000000     
00000000     00000000     00000000     
00000000     00000000     00000000     
00000000     00000000     00000000     
00000000     00000000     00000000     
00000000     00000000     00000000     
00000000     00000000     00000000     
00000000     00000000     00000000     
00000000     00000000     00000000     
00000000     00000000     00000000     
00000000     00000000     00000000     
****************************************
**** Addr: 7fababab missed in cache ****
********** CACHE TAG CONTENTS **********
00000111     00000222     00000000     
00000000     00000000     00000000     
00000000     00000000     00000000     
00000000     00000000     00000000     
00000000     00000000     00000000     
00000000     00000000     00000000     
00000000     00000000     00000000     
00000000     00000000     00000000     
00000000     00000000     00000000     
00000000     00000000     00000000     
0000056d     00000000     00000000     
03fd5d5d     00000000     00000000     
00000000     00000000     00000000     
0000055e     00000000     00000000     
00000000     00000000     00000000     
00000000     00000000     00000000     
00000088     00000199     00000000     
00000000     00000000     00000000     
00000000     00000000     00000000     
00000000     00000000     00000000     
00000000     00000000     00000000     
00000000     00000000     00000000     
00000000     00000000     00000000     
00000000     00000000     00000000     
00000000     00000000     00000000     
00000000     00000000     00000000     
00000000     00000000     00000000     
00000000     00000000     00000000     
00000000     00000000     00000000     
00000000     00000000     00000000     
00000000     00000000     00000000     
00000000     00000000     00000000     
****************************************
**** Addr: 55636363 missed in cache ****
********** CACHE TAG CONTENTS **********
00000111     00000222     00000000     
00000000     00000000     00000000     
00000000     00000000     00000000     
02ab1b1b     00000000     00000000     
00000000     00000000     00000000     
00000000     00000000     00000000     
00000000     00000000     00000000     
00000000     00000000     00000000     
00000000     00000000     00000000     
00000000     00000000     00000000     
0000056d     00000000     00000000     
03fd5d5d     00000000     00000000     
00000000     00000000     00000000     
0000055e     00000000     00000000     
00000000     00000000     00000000     
00000000     00000000     00000000     
00000088     00000199     00000000     
00000000     00000000     00000000     
00000000     00000000     00000000     
00000000     00000000     00000000     
00000000     00000000     00000000     
00000000     00000000     00000000     
00000000     00000000     00000000     
00000000     00000000     00000000     
00000000     00000000     00000000     
00000000     00000000     00000000     
00000000     00000000     00000000     
00000000     00000000     00000000     
00000000     00000000     00000000     
00000000     00000000     00000000     
00000000     00000000     00000000     
00000000     00000000     00000000     
****************************************
**** Addr: 63633636 missed in cache ****
********** CACHE TAG CONTENTS **********
00000111     00000222     00000000     
00000000     00000000     00000000     
00000000     00000000     00000000     
02ab1b1b     00000000     00000000     
00000000     00000000     00000000     
00000000     00000000     00000000     
00000000     00000000     00000000     
00000000     00000000     00000000     
00000000     00000000     00000000     
00000000     00000000     00000000     
0000056d     00000000     00000000     
03fd5d5d     00000000     00000000     
00000000     00000000     00000000     
0000055e     00000000     00000000     
00000000     00000000     00000000     
00000000     00000000     00000000     
00000088     00000199     00000000     
00000000     00000000     00000000     
00000000     00000000     00000000     
00000000     00000000     00000000     
00000000     00000000     00000000     
00000000     00000000     00000000     
031b19b1     00000000     00000000     
00000000     00000000     00000000     
00000000     00000000     00000000     
00000000     00000000     00000000     
00000000     00000000     00000000     
00000000     00000000     00000000     
00000000     00000000     00000000     
00000000     00000000     00000000     
00000000     00000000     00000000     
00000000     00000000     00000000     
****************************************
**** Addr: 24242424 missed in cache ****
********** CACHE TAG CONTENTS **********
00000111     00000222     00000000     
00000000     00000000     00000000     
00000000     00000000     00000000     
02ab1b1b     00000000     00000000     
01212121     00000000     00000000     
00000000     00000000     00000000     
00000000     00000000     00000000     
00000000     00000000     00000000     
00000000     00000000     00000000     
00000000     00000000     00000000     
0000056d     00000000     00000000     
03fd5d5d     00000000     00000000     
00000000     00000000     00000000     
0000055e     00000000     00000000     
00000000     00000000     00000000     
00000000     00000000     00000000     
00000088     00000199     00000000     
00000000     00000000     00000000     
00000000     00000000     00000000     
00000000     00000000     00000000     
00000000     00000000     00000000     
00000000     00000000     00000000     
031b19b1     00000000     00000000     
00000000     00000000     00000000     
00000000     00000000     00000000     
00000000     00000000     00000000     
00000000     00000000     00000000     
00000000     00000000     00000000     
00000000     00000000     00000000     
00000000     00000000     00000000     
00000000     00000000     00000000     
00000000     00000000     00000000     
****************************************
**** Addr: 7feefefe missed in cache ****
********** CACHE TAG CONTENTS **********
00000111     00000222     00000000     
00000000     00000000     00000000     
00000000     00000000     00000000     
02ab1b1b     00000000     00000000     
01212121     00000000     00000000     
00000000     00000000     00000000     
00000000     00000000     00000000     
00000000     00000000     00000000     
00000000     00000000     00000000     
00000000     00000000     00000000     
0000056d     00000000     00000000     
03fd5d5d     00000000     00000000     
00000000     00000000     00000000     
0000055e     00000000     00000000     
00000000     00000000     00000000     
00000000     00000000     00000000     
00000088     00000199     00000000     
00000000     00000000     00000000     
00000000     00000000     00000000     
00000000     00000000     00000000     
00000000     00000000     00000000     
00000000     00000000     00000000     
031b19b1     00000000     00000000     
00000000     00000000     00000000     
00000000     00000000     00000000     
00000000     00000000     00000000     
00000000     00000000     00000000     
00000000     00000000     00000000     
00000000     00000000     00000000     
00000000     00000000     00000000     
03ff77f7     00000000     00000000     
00000000     00000000     00000000     
****************************************
**** Addr: 7faaeeee missed in cache ****
********** CACHE TAG CONTENTS **********
00000111     00000222     00000000     
00000000     00000000     00000000     
00000000     00000000     00000000     
02ab1b1b     00000000     00000000     
01212121     00000000     00000000     
00000000     00000000     00000000     
00000000     00000000     00000000     
00000000     00000000     00000000     
00000000     00000000     00000000     
00000000     00000000     00000000     
0000056d     00000000     00000000     
03fd5d5d     00000000     00000000     
00000000     00000000     00000000     
0000055e     00000000     00000000     
03fd5777     00000000     00000000     
00000000     00000000     00000000     
00000088     00000199     00000000     
00000000     00000000     00000000     
00000000     00000000     00000000     
00000000     00000000     00000000     
00000000     00000000     00000000     
00000000     00000000     00000000     
031b19b1     00000000     00000000     
00000000     00000000     00000000     
00000000     00000000     00000000     
00000000     00000000     00000000     
00000000     00000000     00000000     
00000000     00000000     00000000     
00000000     00000000     00000000     
00000000     00000000     00000000     
03ff77f7     00000000     00000000     
00000000     00000000     00000000     
****************************************
**** Addr: 7bcdedf0 missed in cache ****
********** CACHE TAG CONTENTS **********
00000111     00000222     00000000     
00000000     00000000     00000000     
00000000     00000000     00000000     
02ab1b1b     00000000     00000000     
01212121     00000000     00000000     
00000000     00000000     00000000     
00000000     00000000     00000000     
00000000     00000000     00000000     
00000000     00000000     00000000     
00000000     00000000     00000000     
0000056d     00000000     00000000     
03fd5d5d     00000000     00000000     
00000000     00000000     00000000     
0000055e     00000000     00000000     
03fd5777     00000000     00000000     
00000000     00000000     00000000     
00000088     00000199     03de6f6f     
00000000     00000000     00000000     
00000000     00000000     00000000     
00000000     00000000     00000000     
00000000     00000000     00000000     
00000000     00000000     00000000     
031b19b1     00000000     00000000     
00000000     00000000     00000000     
00000000     00000000     00000000     
00000000     00000000     00000000     
00000000     00000000     00000000     
00000000     00000000     00000000     
00000000     00000000     00000000     
00000000     00000000     00000000     
03ff77f7     00000000     00000000     
00000000     00000000     00000000     
****************************************
**** Addr: 7aabbbbb missed in cache ****
********** CACHE TAG CONTENTS **********
00000111     00000222     00000000     
00000000     00000000     00000000     
00000000     00000000     00000000     
02ab1b1b     00000000     00000000     
01212121     00000000     00000000     
00000000     00000000     00000000     
00000000     00000000     00000000     
00000000     00000000     00000000     
00000000     00000000     00000000     
00000000     00000000     00000000     
0000056d     00000000     00000000     
03fd5d5d     00000000     00000000     
00000000     00000000     00000000     
0000055e     00000000     00000000     
03fd5777     00000000     00000000     
00000000     00000000     00000000     
00000088     00000199     03de6f6f     
00000000     00000000     00000000     
00000000     00000000     00000000     
00000000     00000000     00000000     
00000000     00000000     00000000     
00000000     00000000     00000000     
031b19b1     00000000     00000000     
00000000     00000000     00000000     
00000000     00000000     00000000     
00000000     00000000     00000000     
00000000     00000000     00000000     
03d55ddd     00000000     00000000     
00000000     00000000     00000000     
00000000     00000000     00000000     
03ff77f7     00000000     00000000     
00000000     00000000     00000000     
****************************************
**** Addr: 5bbeaaaa missed in cache ****
********** CACHE TAG CONTENTS **********
00000111     00000222     00000000     
00000000     00000000     00000000     
00000000     00000000     00000000     
02ab1b1b     00000000     00000000     
01212121     00000000     00000000     
00000000     00000000     00000000     
00000000     00000000     00000000     
00000000     00000000     00000000     
00000000     00000000     00000000     
00000000     00000000     00000000     
0000056d     02ddf555     00000000     
03fd5d5d     00000000     00000000     
00000000     00000000     00000000     
0000055e     00000000     00000000     
03fd5777     00000000     00000000     
00000000     00000000     00000000     
00000088     00000199     03de6f6f     
00000000     00000000     00000000     
00000000     00000000     00000000     
00000000     00000000     00000000     
00000000     00000000     00000000     
00000000     00000000     00000000     
031b19b1     00000000     00000000     
00000000     00000000     00000000     
00000000     00000000     00000000     
00000000     00000000     00000000     
00000000     00000000     00000000     
03d55ddd     00000000     00000000     
00000000     00000000     00000000     
00000000     00000000     00000000     
03ff77f7     00000000     00000000     
00000000     00000000     00000000     
****************************************
**** Addr: 5fababab missed in cache ****
********** CACHE TAG CONTENTS **********
00000111     00000222     00000000     
00000000     00000000     00000000     
00000000     00000000     00000000     
02ab1b1b     00000000     00000000     
01212121     00000000     00000000     
00000000     00000000     00000000     
00000000     00000000     00000000     
00000000     00000000     00000000     
00000000     00000000     00000000     
00000000     00000000     00000000     
0000056d     02ddf555     00000000     
03fd5d5d     02fd5d5d     00000000     
00000000     00000000     00000000     
0000055e     00000000     00000000     
03fd5777     00000000     00000000     
00000000     00000000     00000000     
00000088     00000199     03de6f6f     
00000000     00000000     00000000     
00000000     00000000     00000000     
00000000     00000000     00000000     
00000000     00000000     00000000     
00000000     00000000     00000000     
031b19b1     00000000     00000000     
00000000     00000000     00000000     
00000000     00000000     00000000     
00000000     00000000     00000000     
00000000     00000000     00000000     
03d55ddd     00000000     00000000     
00000000     00000000     00000000     
00000000     00000000     00000000     
03ff77f7     00000000     00000000     
00000000     00000000     00000000     
****************************************
**** Addr: 55636363 hit in cache ****
********** CACHE TAG CONTENTS **********
00000111     00000222     00000000     
00000000     00000000     00000000     
00000000     00000000     00000000     
02ab1b1b     00000000     00000000     
01212121     00000000     00000000     
00000000     00000000     00000000     
00000000     00000000     00000000     
00000000     00000000     00000000     
00000000     00000000     00000000     
00000000     00000000     00000000     
0000056d     02ddf555     00000000     
03fd5d5d     02fd5d5d     00000000     
00000000     00000000     00000000     
0000055e     00000000     00000000     
03fd5777     00000000     00000000     
00000000     00000000     00000000     
00000088     00000199     03de6f6f     
00000000     00000000     00000000     
00000000     00000000     00000000     
00000000     00000000     00000000     
00000000     00000000     00000000     
00000000     00000000     00000000     
031b19b1     00000000     00000000     
00000000     00000000     00000000     
00000000     00000000     00000000     
00000000     00000000     00000000     
00000000     00000000     00000000     
03d55ddd     00000000     00000000     
00000000     00000000     00000000     
00000000     00000000     00000000     
03ff77f7     00000000     00000000     
00000000     00000000     00000000     
****************************************
**** Addr: 63633636 hit in cache ****
********** CACHE TAG CONTENTS **********
00000111     00000222     00000000     
00000000     00000000     00000000     
00000000     00000000     00000000     
02ab1b1b     00000000     00000000     
01212121     00000000     00000000     
00000000     00000000     00000000     
00000000     00000000     00000000     
00000000     00000000     00000000     
00000000     00000000     00000000     
00000000     00000000     00000000     
0000056d     02ddf555     00000000     
03fd5d5d     02fd5d5d     00000000     
00000000     00000000     00000000     
0000055e     00000000     00000000     
03fd5777     00000000     00000000     
00000000     00000000     00000000     
00000088     00000199     03de6f6f     
00000000     00000000     00000000     
00000000     00000000     00000000     
00000000     00000000     00000000     
00000000     00000000     00000000     
00000000     00000000     00000000     
031b19b1     00000000     00000000     
00000000     00000000     00000000     
00000000     00000000     00000000     
00000000     00000000     00000000     
00000000     00000000     00000000     
03d55ddd     00000000     00000000     
00000000     00000000     00000000     
00000000     00000000     00000000     
03ff77f7     00000000     00000000     
00000000     00000000     00000000     
****************************************
**** Addr: 24242424 hit in cache ****
********** CACHE TAG CONTENTS **********
00000111     00000222     00000000     
00000000     00000000     00000000     
00000000     00000000     00000000     
02ab1b1b     00000000     00000000     
01212121     00000000     00000000     
00000000     00000000     00000000     
00000000     00000000     00000000     
00000000     00000000     00000000     
00000000     00000000     00000000     
00000000     00000000     00000000     
0000056d     02ddf555     00000000     
03fd5d5d     02fd5d5d     00000000     
00000000     00000000     00000000     
0000055e     00000000     00000000     
03fd5777     00000000     00000000     
00000000     00000000     00000000     
00000088     00000199     03de6f6f     
00000000     00000000     00000000     
00000000     00000000     00000000     
00000000     00000000     00000000     
00000000     00000000     00000000     
00000000     00000000     00000000     
031b19b1     00000000     00000000     
00000000     00000000     00000000     
00000000     00000000     00000000     
00000000     00000000     00000000     
00000000     00000000     00000000     
03d55ddd     00000000     00000000     
00000000     00000000     00000000     
00000000     00000000     00000000     
03ff77f7     00000000     00000000     
00000000     00000000     00000000     
****************************************
**** Addr: 5feefefe missed in cache ****
********** CACHE TAG CONTENTS **********
00000111     00000222     00000000     
00000000     00000000     00000000     
00000000     00000000     00000000     
02ab1b1b     00000000     00000000     
01212121     00000000     00000000     
00000000     00000000     00000000     
00000000     00000000     00000000     
00000000     00000000     00000000     
00000000     00000000     00000000     
00000000     00000000     00000000     
0000056d     02ddf555     00000000     
03fd5d5d     02fd5d5d     00000000     
00000000     00000000     00000000     
0000055e     00000000     00000000     
03fd5777     00000000     00000000     
00000000     00000000     00000000     
00000088     00000199     03de6f6f     
00000000     00000000     00000000     
00000000     00000000     00000000     
00000000     00000000     00000000     
00000000     00000000     00000000     
00000000     00000000     00000000     
031b19b1     00000000     00000000     
00000000     00000000     00000000     
00000000     00000000     00000000     
00000000     00000000     00000000     
00000000     00000000     00000000     
03d55ddd     00000000     00000000     
00000000     00000000     00000000     
00000000     00000000     00000000     
03ff77f7     02ff77f7     00000000     
00000000     00000000     00000000     
****************************************
**** Addr: 3faaeeee missed in cache ****
********** CACHE TAG CONTENTS **********
00000111     00000222     00000000     
00000000     00000000     00000000     
00000000     00000000     00000000     
02ab1b1b     00000000     00000000     
01212121     00000000     00000000     
00000000     00000000     00000000     
00000000     00000000     00000000     
00000000     00000000     00000000     
00000000     00000000     00000000     
00000000     00000000     00000000     
0000056d     02ddf555     00000000     
03fd5d5d     02fd5d5d     00000000     
00000000     00000000     00000000     
0000055e     00000000     00000000     
03fd5777     01fd5777     00000000     
00000000     00000000     00000000     
00000088     00000199     03de6f6f     
00000000     00000000     00000000     
00000000     00000000     00000000     
00000000     00000000     00000000     
00000000     00000000     00000000     
00000000     00000000     00000000     
031b19b1     00000000     00000000     
00000000     00000000     00000000     
00000000     00000000     00000000     
00000000     00000000     00000000     
00000000     00000000     00000000     
03d55ddd     00000000     00000000     
00000000     00000000     00000000     
00000000     00000000     00000000     
03ff77f7     02ff77f7     00000000     
00000000     00000000     00000000     
****************************************
**** Addr: 3bcdedf0 missed in cache ****
********** CACHE TAG CONTENTS **********
00000111     00000222     00000000     
00000000     00000000     00000000     
00000000     00000000     00000000     
02ab1b1b     00000000     00000000     
01212121     00000000     00000000     
00000000     00000000     00000000     
00000000     00000000     00000000     
00000000     00000000     00000000     
00000000     00000000     00000000     
00000000     00000000     00000000     
0000056d     02ddf555     00000000     
03fd5d5d     02fd5d5d     00000000     
00000000     00000000     00000000     
0000055e     00000000     00000000     
03fd5777     01fd5777     00000000     
00000000     00000000     00000000     
00000088     01de6f6f     03de6f6f     
00000000     00000000     00000000     
00000000     00000000     00000000     
00000000     00000000     00000000     
00000000     00000000     00000000     
00000000     00000000     00000000     
031b19b1     00000000     00000000     
00000000     00000000     00000000     
00000000     00000000     00000000     
00000000     00000000     00000000     
00000000     00000000     00000000     
03d55ddd     00000000     00000000     
00000000     00000000     00000000     
00000000     00000000     00000000     
03ff77f7     02ff77f7     00000000     
00000000     00000000     00000000     
****************************************
**** Addr: 3aabbbbb missed in cache ****
********** CACHE TAG CONTENTS **********
00000111     00000222     00000000     
00000000     00000000     00000000     
00000000     00000000     00000000     
02ab1b1b     00000000     00000000     
01212121     00000000     00000000     
00000000     00000000     00000000     
00000000     00000000     00000000     
00000000     00000000     00000000     
00000000     00000000     00000000     
00000000     00000000     00000000     
0000056d     02ddf555     00000000     
03fd5d5d     02fd5d5d     00000000     
00000000     00000000     00000000     
0000055e     00000000     00000000     
03fd5777     01fd5777     00000000     
00000000     00000000     00000000     
00000088     01de6f6f     03de6f6f     
00000000     00000000     00000000     
00000000     00000000     00000000     
00000000     00000000     00000000     
00000000     00000000     00000000     
00000000     00000000     00000000     
031b19b1     00000000     00000000     
00000000     00000000     00000000     
00000000     00000000     00000000     
00000000     00000000     00000000     
00000000     00000000     00000000     
03d55ddd     01d55ddd     00000000     
00000000     00000000     00000000     
00000000     00000000     00000000     
03ff77f7     02ff77f7     00000000     
00000000     00000000     00000000     
****************************************
**** Addr: 00001110 hit in cache ****
********** CACHE TAG CONTENTS **********
00000111     00000222     00000000     
00000000     00000000     00000000     
00000000     00000000     00000000     
02ab1b1b     00000000     00000000     
01212121     00000000     00000000     
00000000     00000000     00000000     
00000000     00000000     00000000     
00000000     00000000     00000000     
00000000     00000000     00000000     
00000000     00000000     00000000     
0000056d     02ddf555     00000000     
03fd5d5d     02fd5d5d     00000000     
00000000     00000000     00000000     
0000055e     00000000     00000000     
03fd5777     01fd5777     00000000     
00000000     00000000     00000000     
00000088     01de6f6f     03de6f6f     
00000000     00000000     00000000     
00000000     00000000     00000000     
00000000     00000000     00000000     
00000000     00000000     00000000     
00000000     00000000     00000000     
031b19b1     00000000     00000000     
00000000     00000000     00000000     
00000000     00000000     00000000     
00000000     00000000     00000000     
00000000     00000000     00000000     
03d55ddd     01d55ddd     00000000     
00000000     00000000     00000000     
00000000     00000000     00000000     
03ff77f7     02ff77f7     00000000     
00000000     00000000     00000000     
****************************************
**** Addr: 00002220 hit in cache ****
********** CACHE TAG CONTENTS **********
00000111     00000222     00000000     
00000000     00000000     00000000     
00000000     00000000     00000000     
02ab1b1b     00000000     00000000     
01212121     00000000     00000000     
00000000     00000000     00000000     
00000000     00000000     00000000     
00000000     00000000     00000000     
00000000     00000000     00000000     
00000000     00000000     00000000     
0000056d     02ddf555     00000000     
03fd5d5d     02fd5d5d     00000000     
00000000     00000000     00000000     
0000055e     00000000     00000000     
03fd5777     01fd5777     00000000     
00000000     00000000     00000000     
00000088     01de6f6f     03de6f6f     
00000000     00000000     00000000     
00000000     00000000     00000000     
00000000     00000000     00000000     
00000000     00000000     00000000     
00000000     00000000     00000000     
031b19b1     00000000     00000000     
00000000     00000000     00000000     
00000000     00000000     00000000     
00000000     00000000     00000000     
00000000     00000000     00000000     
03d55ddd     01d55ddd     00000000     
00000000     00000000     00000000     
00000000     00000000     00000000     
03ff77f7     02ff77f7     00000000     
00000000     00000000     00000000     
****************************************
**** Addr: 00004440 hit in cache ****
********** CACHE TAG CONTENTS **********
00000111     00000222     00000000     
00000000     00000000     00000000     
00000000     00000000     00000000     
02ab1b1b     00000000     00000000     
01212121     00000000     00000000     
00000000     00000000     00000000     
00000000     00000000     00000000     
00000000     00000000     00000000     
00000000     00000000     00000000     
00000000     00000000     00000000     
0000056d     02ddf555     00000000     
03fd5d5d     02fd5d5d     00000000     
00000000     00000000     00000000     
0000055e     00000000     00000000     
03fd5777     01fd5777     00000000     
00000000     00000000     00000000     
00000088     01de6f6f     03de6f6f     
00000000     00000000     00000000     
00000000     00000000     00000000     
00000000     00000000     00000000     
00000000     00000000     00000000     
00000000     00000000     00000000     
031b19b1     00000000     00000000     
00000000     00000000     00000000     
00000000     00000000     00000000     
00000000     00000000     00000000     
00000000     00000000     00000000     
03d55ddd     01d55ddd     00000000     
00000000     00000000     00000000     
00000000     00000000     00000000     
03ff77f7     02ff77f7     00000000     
00000000     00000000     00000000     
****************************************
**** Addr: 7aabbbbb hit in cache ****
********** CACHE TAG CONTENTS **********
00000111     00000222     00000000     
00000000     00000000     00000000     
00000000     00000000     00000000     
02ab1b1b     00000000     00000000     
01212121     00000000     00000000     
00000000     00000000     00000000     
00000000     00000000     00000000     
00000000     00000000     00000000     
00000000     00000000     00000000     
00000000     00000000     00000000     
0000056d     02ddf555     00000000     
03fd5d5d     02fd5d5d     00000000     
00000000     00000000     00000000     
0000055e     00000000     00000000     
03fd5777     01fd5777     00000000     
00000000     00000000     00000000     
00000088     01de6f6f     03de6f6f     
00000000     00000000     00000000     
00000000     00000000     00000000     
00000000     00000000     00000000     
00000000     00000000     00000000     
00000000     00000000     00000000     
031b19b1     00000000     00000000     
00000000     00000000     00000000     
00000000     00000000     00000000     
00000000     00000000     00000000     
00000000     00000000     00000000     
03d55ddd     01d55ddd     00000000     
00000000     00000000     00000000     
00000000     00000000     00000000     
03ff77f7     02ff77f7     00000000     
00000000     00000000     00000000     
****************************************
**** Addr: 5bbeaaaa hit in cache ****
********** CACHE TAG CONTENTS **********
00000111     00000222     00000000     
00000000     00000000     00000000     
00000000     00000000     00000000     
02ab1b1b     00000000     00000000     
01212121     00000000     00000000     
00000000     00000000     00000000     
00000000     00000000     00000000     
00000000     00000000     00000000     
00000000     00000000     00000000     
00000000     00000000     00000000     
0000056d     02ddf555     00000000     
03fd5d5d     02fd5d5d     00000000     
00000000     00000000     00000000     
0000055e     00000000     00000000     
03fd5777     01fd5777     00000000     
00000000     00000000     00000000     
00000088     01de6f6f     03de6f6f     
00000000     00000000     00000000     
00000000     00000000     00000000     
00000000     00000000     00000000     
00000000     00000000     00000000     
00000000     00000000     00000000     
031b19b1     00000000     00000000     
00000000     00000000     00000000     
00000000     00000000     00000000     
00000000     00000000     00000000     
00000000     00000000     00000000     
03d55ddd     01d55ddd     00000000     
00000000     00000000     00000000     
00000000     00000000     00000000     
03ff77f7     02ff77f7     00000000     
00000000     00000000     00000000     
****************************************
**** Addr: 5fababab hit in cache ****
********** CACHE TAG CONTENTS **********
00000111     00000222     00000000     
00000000     00000000     00000000     
00000000     00000000     00000000     
02ab1b1b     00000000     00000000     
01212121     00000000     00000000     
00000000     00000000     00000000     
00000000     00000000     00000000     
00000000     00000000     00000000     
00000000     00000000     00000000     
00000000     00000000     00000000     
0000056d     02ddf555     00000000     
03fd5d5d     02fd5d5d     00000000     
00000000     00000000     00000000     
0000055e     00000000     00000000     
03fd5777     01fd5777     00000000     
00000000     00000000     00000000     
00000088     01de6f6f     03de6f6f     
00000000     00000000     00000000     
00000000     00000000     00000000     
00000000     00000000     00000000     
00000000     00000000     00000000     
00000000     00000000     00000000     
031b19b1     00000000     00000000     
00000000     00000000     00000000     
00000000     00000000     00000000     
00000000     00000000     00000000     
00000000     00000000     00000000     
03d55ddd     01d55ddd     00000000     
00000000     00000000     00000000     
00000000     00000000     00000000     
03ff77f7     02ff77f7     00000000     
00000000     00000000     00000000     
****************************************
**** Addr: 55636363 hit in cache ****
********** CACHE TAG CONTENTS **********
00000111     00000222     00000000     
00000000     00000000     00000000     
00000000     00000000     00000000     
02ab1b1b     00000000     00000000     
01212121     00000000     00000000     
00000000     00000000     00000000     
00000000     00000000     00000000     
00000000     00000000     00000000     
00000000     00000000     00000000     
00000000     00000000     00000000     
0000056d     02ddf555     00000000     
03fd5d5d     02fd5d5d     00000000     
00000000     00000000     00000000     
0000055e     00000000     00000000     
03fd5777     01fd5777     00000000     
00000000     00000000     00000000     
00000088     01de6f6f     03de6f6f     
00000000     00000000     00000000     
00000000     00000000     00000000     
00000000     00000000     00000000     
00000000     00000000     00000000     
00000000     00000000     00000000     
031b19b1     00000000     00000000     
00000000     00000000     00000000     
00000000     00000000     00000000     
00000000     00000000     00000000     
00000000     00000000     00000000     
03d55ddd     01d55ddd     00000000     
00000000     00000000     00000000     
00000000     00000000     00000000     
03ff77f7     02ff77f7     00000000     
00000000     00000000     00000000     
****************************************
**** Addr: 63633636 hit in cache ****
********** CACHE TAG CONTENTS **********
00000111     00000222     00000000     
00000000     00000000     00000000     
00000000     00000000     00000000     
02ab1b1b     00000000     00000000     
01212121     00000000     00000000     
00000000     00000000     00000000     
00000000     00000000     00000000     
00000000     00000000     00000000     
00000000     00000000     00000000     
00000000     00000000     00000000     
0000056d     02ddf555     00000000     
03fd5d5d     02fd5d5d     00000000     
00000000     00000000     00000000     
0000055e     00000000     00000000     
03fd5777     01fd5777     00000000     
00000000     00000000     00000000     
00000088     01de6f6f     03de6f6f     
00000000     00000000     00000000     
00000000     00000000     00000000     
00000000     00000000     00000000     
00000000     00000000     00000000     
00000000     00000000     00000000     
031b19b1     00000000     00000000     
00000000     00000000     00000000     
00000000     00000000     00000000     
00000000     00000000     00000000     
00000000     00000000     00000000     
03d55ddd     01d55ddd     00000000     
00000000     00000000     00000000     
00000000     00000000     00000000     
03ff77f7     02ff77f7     00000000     
00000000     00000000     00000000     
****************************************
**** Addr: 5feefefe hit in cache ****
********** CACHE TAG CONTENTS **********
00000111     00000222     00000000     
00000000     00000000     00000000     
00000000     00000000     00000000     
02ab1b1b     00000000     00000000     
01212121     00000000     00000000     
00000000     00000000     00000000     
00000000     00000000     00000000     
00000000     00000000     00000000     
00000000     00000000     00000000     
00000000     00000000     00000000     
0000056d     02ddf555     00000000     
03fd5d5d     02fd5d5d     00000000     
00000000     00000000     00000000     
0000055e     00000000     00000000     
03fd5777     01fd5777     00000000     
00000000     00000000     00000000     
00000088     01de6f6f     03de6f6f     
00000000     00000000     00000000     
00000000     00000000     00000000     
00000000     00000000     00000000     
00000000     00000000     00000000     
00000000     00000000     00000000     
031b19b1     00000000     00000000     
00000000     00000000     00000000     
00000000     00000000     00000000     
00000000     00000000     00000000     
00000000     00000000     00000000     
03d55ddd     01d55ddd     00000000     
00000000     00000000     00000000     
00000000     00000000     00000000     
03ff77f7     02ff77f7     00000000     
00000000     00000000     00000000     
****************************************
**** Addr: 3faaeeee hit in cache ****
********** CACHE TAG CONTENTS **********
00000111     00000222     00000000     
00000000     00000000     00000000     
00000000     00000000     00000000     
02ab1b1b     00000000     00000000     
01212121     00000000     00000000     
00000000     00000000     00000000     
00000000     00000000     00000000     
00000000     00000000     00000000     
00000000     00000000     00000000     
00000000     00000000     00000000     
0000056d     02ddf555     00000000     
03fd5d5d     02fd5d5d     00000000     
00000000     00000000     00000000     
0000055e     00000000     00000000     
03fd5777     01fd5777     00000000     
00000000     00000000     00000000     
00000088     01de6f6f     03de6f6f     
00000000     00000000     00000000     
00000000     00000000     00000000     
00000000     00000000     00000000     
00000000     00000000     00000000     
00000000     00000000     00000000     
031b19b1     00000000     00000000     
00000000     00000000     00000000     
00000000     00000000     00000000     
00000000     00000000     00000000     
00000000     00000000     00000000     
03d55ddd     01d55ddd     00000000     
00000000     00000000     00000000     
00000000     00000000     00000000     
03ff77f7     02ff77f7     00000000     
00000000     00000000     00000000     
****************************************
**** Addr: 3bcdedf0 hit in cache ****
********** CACHE TAG CONTENTS **********
00000111     00000222     00000000     
00000000     00000000     00000000     
00000000     00000000     00000000     
02ab1b1b     00000000     00000000     
01212121     00000000     00000000     
00000000     00000000     00000000     
00000000     00000000     00000000     
00000000     00000000     00000000     
00000000     00000000     00000000     
00000000     00000000     00000000     
0000056d     02ddf555     00000000     
03fd5d5d     02fd5d5d     00000000     
00000000     00000000     00000000     
0000055e     00000000     00000000     
03fd5777     01fd5777     00000000     
00000000     00000000     00000000     
00000088     01de6f6f     03de6f6f     
00000000     00000000     00000000     
00000000     00000000     00000000     
00000000     00000000     00000000     
00000000     00000000     00000000     
00000000     00000000     00000000     
031b19b1     00000000     00000000     
00000000     00000000     00000000     
00000000     00000000     00000000     
00000000     00000000     00000000     
00000000     00000000     00000000     
03d55ddd     01d55ddd     00000000     
00000000     00000000     00000000     
00000000     00000000     00000000     
03ff77f7     02ff77f7     00000000     
00000000     00000000     00000000     
****************************************
**** Addr: 3aabbbbb hit in cache ****
********** CACHE TAG CONTENTS **********
00000111     00000222     00000000     
00000000     00000000     00000000     
00000000     00000000     00000000     
02ab1b1b     00000000     00000000     
01212121     00000000     00000000     
00000000     00000000     00000000     
00000000     00000000     00000000     
00000000     00000000     00000000     
00000000     00000000     00000000     
00000000     00000000     00000000     
0000056d     02ddf555     00000000     
03fd5d5d     02fd5d5d     00000000     
00000000     00000000     00000000     
0000055e     00000000     00000000     
03fd5777     01fd5777     00000000     
00000000     00000000     00000000     
00000088     01de6f6f     03de6f6f     
00000000     00000000     00000000     
00000000     00000000     00000000     
00000000     00000000     00000000     
00000000     00000000     00000000     
00000000     00000000     00000000     
031b19b1     00000000     00000000     
00000000     00000000     00000000     
00000000     00000000     00000000     
00000000     00000000     00000000     
00000000     00000000     00000000     
03d55ddd     01d55ddd     00000000     
00000000     00000000     00000000     
00000000     00000000     00000000     
03ff77f7     02ff77f7     00000000     
00000000     00000000     00000000     
****************************************
**** Addr: 00002220 hit in cache ****
********** CACHE TAG CONTENTS **********
00000111     00000222     00000000     
00000000     00000000     00000000     
00000000     00000000     00000000     
02ab1b1b     00000000     00000000     
01212121     00000000     00000000     
00000000     00000000     00000000     
00000000     00000000     00000000     
00000000     00000000     00000000     
00000000     00000000     00000000     
00000000     00000000     00000000     
0000056d     02ddf555     00000000     
03fd5d5d     02fd5d5d     00000000     
00000000     00000000     00000000     
0000055e     00000000     00000000     
03fd5777     01fd5777     00000000     
00000000     00000000     00000000     
00000088     01de6f6f     03de6f6f     
00000000     00000000     00000000     
00000000     00000000     00000000     
00000000     00000000     00000000     
00000000     00000000     00000000     
00000000     00000000     00000000     
031b19b1     00000000     00000000     
00000000     00000000     00000000     
00000000     00000000     00000000     
00000000     00000000     00000000     
00000000     00000000     00000000     
03d55ddd     01d55ddd     00000000     
00000000     00000000     00000000     
00000000     00000000     00000000     
03ff77f7     02ff77f7     00000000     
00000000     00000000     00000000     
****************************************
**** Addr: 00003330 missed in cache ****
********** CACHE TAG CONTENTS **********
00000111     00000222     00000000     
00000000     00000000     00000000     
00000000     00000000     00000000     
02ab1b1b     00000000     00000000     
01212121     00000000     00000000     
00000000     00000000     00000000     
00000000     00000000     00000000     
00000000     00000000     00000000     
00000000     00000000     00000000     
00000000     00000000     00000000     
0000056d     02ddf555     00000000     
03fd5d5d     02fd5d5d     00000000     
00000000     00000000     00000000     
0000055e     00000000     00000000     
03fd5777     01fd5777     00000000     
00000000     00000000     00000000     
00000088     01de6f6f     00000199     
00000000     00000000     00000000     
00000000     00000000     00000000     
00000000     00000000     00000000     
00000000     00000000     00000000     
00000000     00000000     00000000     
031b19b1     00000000     00000000     
00000000     00000000     00000000     
00000000     00000000     00000000     
00000000     00000000     00000000     
00000000     00000000     00000000     
03d55ddd     01d55ddd     00000000     
00000000     00000000     00000000     
00000000     00000000     00000000     
03ff77f7     02ff77f7     00000000     
00000000     00000000     00000000     
****************************************
**** Addr: 00001110 hit in cache ****
********** CACHE TAG CONTENTS **********
00000111     00000222     00000000     
00000000     00000000     00000000     
00000000     00000000     00000000     
02ab1b1b     00000000     00000000     
01212121     00000000     00000000     
00000000     00000000     00000000     
00000000     00000000     00000000     
00000000     00000000     00000000     
00000000     00000000     00000000     
00000000     00000000     00000000     
0000056d     02ddf555     00000000     
03fd5d5d     02fd5d5d     00000000     
00000000     00000000     00000000     
0000055e     00000000     00000000     
03fd5777     01fd5777     00000000     
00000000     00000000     00000000     
00000088     01de6f6f     00000199     
00000000     00000000     00000000     
00000000     00000000     00000000     
00000000     00000000     00000000     
00000000     00000000     00000000     
00000000     00000000     00000000     
031b19b1     00000000     00000000     
00000000     00000000     00000000     
00000000     00000000     00000000     
00000000     00000000     00000000     
00000000     00000000     00000000     
03d55ddd     01d55ddd     00000000     
00000000     00000000     00000000     
00000000     00000000     00000000     
03ff77f7     02ff77f7     00000000     
00000000     00000000     00000000     
****************************************
**** Addr: 00002220 hit in cache ****
********** CACHE TAG CONTENTS **********
00000111     00000222     00000000     
00000000     00000000     00000000     
00000000     00000000     00000000     
02ab1b1b     00000000     00000000     
01212121     00000000     00000000     
00000000     00000000     00000000     
00000000     00000000     00000000     
00000000     00000000     00000000     
00000000     00000000     00000000     
00000000     00000000     00000000     
0000056d     02ddf555     00000000     
03fd5d5d     02fd5d5d     00000000     
00000000     00000000     00000000     
0000055e     00000000     00000000     
03fd5777     01fd5777     00000000     
00000000     00000000     00000000     
00000088     01de6f6f     00000199     
00000000     00000000     00000000     
00000000     00000000     00000000     
00000000     00000000     00000000     
00000000     00000000     00000000     
00000000     00000000     00000000     
031b19b1     00000000     00000000     
00000000     00000000     00000000     
00000000     00000000     00000000     
00000000     00000000     00000000     
00000000     00000000     00000000     
03d55ddd     01d55ddd     00000000     
00000000     00000000     00000000     
00000000     00000000     00000000     
03ff77f7     02ff77f7     00000000     
00000000     00000000     00000000     
****************************************
**** Addr: 00003330 hit in cache ****
********** CACHE TAG CONTENTS **********
00000111     00000222     00000000     
00000000     00000000     00000000     
00000000     00000000     00000000     
02ab1b1b     00000000     00000000     
01212121     00000000     00000000     
00000000     00000000     00000000     
00000000     00000000     00000000     
00000000     00000000     00000000     
00000000     00000000     00000000     
00000000     00000000     00000000     
0000056d     02ddf555     00000000     
03fd5d5d     02fd5d5d     00000000     
00000000     00000000     00000000     
0000055e     00000000     00000000     
03fd5777     01fd5777     00000000     
00000000     00000000     00000000     
00000088     01de6f6f     00000199     
00000000     00000000     00000000     
00000000     00000000     00000000     
00000000     00000000     00000000     
00000000     00000000     00000000     
00000000     00000000     00000000     
031b19b1     00000000     00000000     
00000000     00000000     00000000     
00000000     00000000     00000000     
00000000     00000000     00000000     
00000000     00000000     00000000     
03d55ddd     01d55ddd     00000000     
00000000     00000000     00000000     
00000000     00000000     00000000     
03ff77f7     02ff77f7     00000000     
00000000     00000000     00000000     
****************************************
**** Addr: 00001110 hit in cache ****
********** CACHE TAG CONTENTS **********
00000111     00000222     00000000     
00000000     00000000     00000000     
00000000     00000000     00000000     
02ab1b1b     00000000     00000000     
01212121     00000000     00000000     
00000000     00000000     00000000     
00000000     00000000     00000000     
00000000     00000000     00000000     
00000000     00000000     00000000     
00000000     00000000     00000000     
0000056d     02ddf555     00000000     
03fd5d5d     02fd5d5d     00000000     
00000000     00000000     00000000     
0000055e     00000000     00000000     
03fd5777     01fd5777     00000000     
00000000     00000000     00000000     
00000088     01de6f6f     00000199     
00000000     00000000     00000000     
00000000     00000000     00000000     
00000000     00000000     00000000     
00000000     00000000     00000000     
00000000     00000000     00000000     
031b19b1     00000000     00000000     
00000000     00000000     00000000     
00000000     00000000     00000000     
00000000     00000000     00000000     
00000000     00000000     00000000     
03d55ddd     01d55ddd     00000000     
00000000     00000000     00000000     
00000000     00000000     00000000     
03ff77f7     02ff77f7     00000000     
00000000     00000000     00000000     
****************************************
**** Addr: 00002220 hit in cache ****
********** CACHE TAG CONTENTS **********
00000111     00000222     00000000     
00000000     00000000     00000000     
00000000     00000000     00000000     
02ab1b1b     00000000     00000000     
01212121     00000000     00000000     
00000000     00000000     00000000     
00000000     00000000     00000000     
00000000     00000000     00000000     
00000000     00000000     00000000     
00000000     00000000     00000000     
0000056d     02ddf555     00000000     
03fd5d5d     02fd5d5d     00000000     
00000000     00000000     00000000     
0000055e     00000000     00000000     
03fd5777     01fd5777     00000000     
00000000     00000000     00000000     
00000088     01de6f6f     00000199     
00000000     00000000     00000000     
00000000     00000000     00000000     
00000000     00000000     00000000     
00000000     00000000     00000000     
00000000     00000000     00000000     
031b19b1     00000000     00000000     
00000000     00000000     00000000     
00000000     00000000     00000000     
00000000     00000000     00000000     
00000000     00000000     00000000     
03d55ddd     01d55ddd     00000000     
00000000     00000000     00000000     
00000000     00000000     00000000     
03ff77f7     02ff77f7     00000000     
00000000     00000000     00000000     
****************************************
**** Addr: 00003330 hit in cache ****
********** CACHE TAG CONTENTS **********
00000111     00000222     00000000     
00000000     00000000     00000000     
00000000     00000000     00000000     
02ab1b1b     00000000     00000000     
01212121     00000000     00000000     
00000000     00000000     00000000     
00000000     00000000     00000000     
00000000     00000000     00000000     
00000000     00000000     00000000     
00000000     00000000     00000000     
0000056d     02ddf555     00000000     
03fd5d5d     02fd5d5d     00000000     
00000000     00000000     00000000     
0000055e     00000000     00000000     
03fd5777     01fd5777     00000000     
00000000     00000000     00000000     
00000088     01de6f6f     00000199     
00000000     00000000     00000000     
00000000     00000000     00000000     
00000000     00000000     00000000     
00000000     00000000     00000000     
00000000     00000000     00000000     
031b19b1     00000000     00000000     
00000000     00000000     00000000     
00000000     00000000     00000000     
00000000     00000000     00000000     
00000000     00000000     00000000     
03d55ddd     01d55ddd     00000000     
00000000     00000000     00000000     
00000000     00000000     00000000     
03ff77f7     02ff77f7     00000000     
00000000     00000000     00000000     
****************************************
**** Addr: 00001110 hit in cache ****
********** CACHE TAG CONTENTS **********
00000111     00000222     00000000     
00000000     00000000     00000000     
00000000     00000000     00000000     
02ab1b1b     00000000     00000000     
01212121     00000000     00000000     
00000000     00000000     00000000     
00000000     00000000     00000000     
00000000     00000000     00000000     
00000000     00000000     00000000     
00000000     00000000     00000000     
0000056d     02ddf555     00000000     
03fd5d5d     02fd5d5d     00000000     
00000000     00000000     00000000     
0000055e     00000000     00000000     
03fd5777     01fd5777     00000000     
00000000     00000000     00000000     
00000088     01de6f6f     00000199     
00000000     00000000     00000000     
00000000     00000000     00000000     
00000000     00000000     00000000     
00000000     00000000     00000000     
00000000     00000000     00000000     
031b19b1     00000000     00000000     
00000000     00000000     00000000     
00000000     00000000     00000000     
00000000     00000000     00000000     
00000000     00000000     00000000     
03d55ddd     01d55ddd     00000000     
00000000     00000000     00000000     
00000000     00000000     00000000     
03ff77f7     02ff77f7     00000000     
00000000     00000000     00000000     
****************************************
**** Addr: 55636363 hit in cache ****
********** CACHE TAG CONTENTS **********
00000111     00000222     00000000     
00000000     00000000     00000000     
00000000     00000000     00000000     
02ab1b1b     00000000     00000000     
01212121     00000000     00000000     
00000000     00000000     00000000     
00000000     00000000     00000000     
00000000     00000000     00000000     
00000000     00000000     00000000     
00000000     00000000     00000000     
0000056d     02ddf555     00000000     
03fd5d5d     02fd5d5d     00000000     
00000000     00000000     00000000     
0000055e     00000000     00000000     
03fd5777     01fd5777     00000000     
00000000     00000000     00000000     
00000088     01de6f6f     00000199     
00000000     00000000     00000000     
00000000     00000000     00000000     
00000000     00000000     00000000     
00000000     00000000     00000000     
00000000     00000000     00000000     
031b19b1     00000000     00000000     
00000000     00000000     00000000     
00000000     00000000     00000000     
00000000     00000000     00000000     
00000000     00000000     00000000     
03d55ddd     01d55ddd     00000000     
00000000     00000000     00000000     
00000000     00000000     00000000     
03ff77f7     02ff77f7     00000000     
00000000     00000000     00000000     
****************************************
**** Addr: 63633636 hit in cache ****
********** CACHE TAG CONTENTS **********
00000111     00000222     00000000     
00000000     00000000     00000000     
00000000     00000000     00000000     
02ab1b1b     00000000     00000000     
01212121     00000000     00000000     
00000000     00000000     00000000     
00000000     00000000     00000000     
00000000     00000000     00000000     
00000000     00000000     00000000     
00000000     00000000     00000000     
0000056d     02ddf555     00000000     
03fd5d5d     02fd5d5d     00000000     
00000000     00000000     00000000     
0000055e     00000000     00000000     
03fd5777     01fd5777     00000000     
00000000     00000000     00000000     
00000088     01de6f6f     00000199     
00000000     00000000     00000000     
00000000     00000000     00000000     
00000000     00000000     00000000     
00000000     00000000     00000000     
00000000     00000000     00000000     
031b19b1     00000000     00000000     
00000000     00000000     00000000     
00000000     00000000     00000000     
00000000     00000000     00000000     
00000000     00000000     00000000     
03d55ddd     01d55ddd     00000000     
00000000     00000000     00000000     
00000000     00000000     00000000     
03ff77f7     02ff77f7     00000000     
00000000     00000000     00000000     
****************************************
**** Addr: 24242424 hit in cache ****
********** CACHE TAG CONTENTS **********
00000111     00000222     00000000     
00000000     00000000     00000000     
00000000     00000000     00000000     
02ab1b1b     00000000     00000000     
01212121     00000000     00000000     
00000000     00000000     00000000     
00000000     00000000     00000000     
00000000     00000000     00000000     
00000000     00000000     00000000     
00000000     00000000     00000000     
0000056d     02ddf555     00000000     
03fd5d5d     02fd5d5d     00000000     
00000000     00000000     00000000     
0000055e     00000000     00000000     
03fd5777     01fd5777     00000000     
00000000     00000000     00000000     
00000088     01de6f6f     00000199     
00000000     00000000     00000000     
00000000     00000000     00000000     
00000000     00000000     00000000     
00000000     00000000     00000000     
00000000     00000000     00000000     
031b19b1     00000000     00000000     
00000000     00000000     00000000     
00000000     00000000     00000000     
00000000     00000000     00000000     
00000000     00000000     00000000     
03d55ddd     01d55ddd     00000000     
00000000     00000000     00000000     
00000000     00000000     00000000     
03ff77f7     02ff77f7     00000000     
00000000     00000000     00000000     
****************************************
**** Addr: 7feefefe hit in cache ****
********** CACHE TAG CONTENTS **********
00000111     00000222     00000000     
00000000     00000000     00000000     
00000000     00000000     00000000     
02ab1b1b     00000000     00000000     
01212121     00000000     00000000     
00000000     00000000     00000000     
00000000     00000000     00000000     
00000000     00000000     00000000     
00000000     00000000     00000000     
00000000     00000000     00000000     
0000056d     02ddf555     00000000     
03fd5d5d     02fd5d5d     00000000     
00000000     00000000     00000000     
0000055e     00000000     00000000     
03fd5777     01fd5777     00000000     
00000000     00000000     00000000     
00000088     01de6f6f     00000199     
00000000     00000000     00000000     
00000000     00000000     00000000     
00000000     00000000     00000000     
00000000     00000000     00000000     
00000000     00000000     00000000     
031b19b1     00000000     00000000     
00000000     00000000     00000000     
00000000     00000000     00000000     
00000000     00000000     00000000     
00000000     00000000     00000000     
03d55ddd     01d55ddd     00000000     
00000000     00000000     00000000     
00000000     00000000     00000000     
03ff77f7     02ff77f7     00000000     
00000000     00000000     00000000     
****************************************
**** Cache Accuracy Stats ****
**** Accuracy:58.00, Hits:29, Accesses:50 ****
**** Memory Cycle Latency: 1709
