00001110
00002220
00003330
00001110
00002220
00004440
00001110
00002220
00005550

**** Index Bits: 4 **** 
**** Blocks Per Way: 16 **** 
**** Memory Trace Size: 9 **** 
**** Addr: 00001110 missed in cache ****
********** CACHE TAG CONTENTS **********
00000111     00000000     00000000     
00000000     00000000     00000000     
00000000     00000000     00000000     
00000000     00000000     00000000     
00000000     00000000     00000000     
00000000     00000000     00000000     
00000000     00000000     00000000     
00000000     00000000     00000000     
00000000     00000000     00000000     
00000000     00000000     00000000     
00000000     00000000     00000000     
00000000     00000000     00000000     
00000000     00000000     00000000     
00000000     00000000     00000000     
00000000     00000000     00000000     
00000000     00000000     00000000     
****************************************
**** Addr: 00002220 missed in cache ****
********** CACHE TAG CONTENTS **********
00000111     00000222     00000000     
00000000     00000000     00000000     
00000000     00000000     00000000     
00000000     00000000     00000000     
00000000     00000000     00000000     
00000000     00000000     00000000     
00000000     00000000     00000000     
00000000     00000000     00000000     
00000000     00000000     00000000     
00000000     00000000     00000000     
00000000     00000000     00000000     
00000000     00000000     00000000     
00000000     00000000     00000000     
00000000     00000000     00000000     
00000000     00000000     00000000     
00000000     00000000     00000000     
****************************************
**** Addr: 00003330 missed in cache ****
********** CACHE TAG CONTENTS **********
00000111     00000222     00000333     
00000000     00000000     00000000     
00000000     00000000     00000000     
00000000     00000000     00000000     
00000000     00000000     00000000     
00000000     00000000     00000000     
00000000     00000000     00000000     
00000000     00000000     00000000     
00000000     00000000     00000000     
00000000     00000000     00000000     
00000000     00000000     00000000     
00000000     00000000     00000000     
00000000     00000000     00000000     
00000000     00000000     00000000     
00000000     00000000     00000000     
00000000     00000000     00000000     
****************************************
**** Addr: 00001110 hit in cache ****
********** CACHE TAG CONTENTS **********
00000111     00000222     00000333     
00000000     00000000     00000000     
00000000     00000000     00000000     
00000000     00000000     00000000     
00000000     00000000     00000000     
00000000     00000000     00000000     
00000000     00000000     00000000     
00000000     00000000     00000000     
00000000     00000000     00000000     
00000000     00000000     00000000     
00000000     00000000     00000000     
00000000     00000000     00000000     
00000000     00000000     00000000     
00000000     00000000     00000000     
00000000     00000000     00000000     
00000000     00000000     00000000     
****************************************
**** Addr: 00002220 hit in cache ****
********** CACHE TAG CONTENTS **********
00000111     00000222     00000333     
00000000     00000000     00000000     
00000000     00000000     00000000     
00000000     00000000     00000000     
00000000     00000000     00000000     
00000000     00000000     00000000     
00000000     00000000     00000000     
00000000     00000000     00000000     
00000000     00000000     00000000     
00000000     00000000     00000000     
00000000     00000000     00000000     
00000000     00000000     00000000     
00000000     00000000     00000000     
00000000     00000000     00000000     
00000000     00000000     00000000     
00000000     00000000     00000000     
****************************************
**** Addr: 00004440 missed in cache ****
********** CACHE TAG CONTENTS **********
00000111     00000222     00000444     
00000000     00000000     00000000     
00000000     00000000     00000000     
00000000     00000000     00000000     
00000000     00000000     00000000     
00000000     00000000     00000000     
00000000     00000000     00000000     
00000000     00000000     00000000     
00000000     00000000     00000000     
00000000     00000000     00000000     
00000000     00000000     00000000     
00000000     00000000     00000000     
00000000     00000000     00000000     
00000000     00000000     00000000     
00000000     00000000     00000000     
00000000     00000000     00000000     
****************************************
**** Addr: 00001110 hit in cache ****
********** CACHE TAG CONTENTS **********
00000111     00000222     00000444     
00000000     00000000     00000000     
00000000     00000000     00000000     
00000000     00000000     00000000     
00000000     00000000     00000000     
00000000     00000000     00000000     
00000000     00000000     00000000     
00000000     00000000     00000000     
00000000     00000000     00000000     
00000000     00000000     00000000     
00000000     00000000     00000000     
00000000     00000000     00000000     
00000000     00000000     00000000     
00000000     00000000     00000000     
00000000     00000000     00000000     
00000000     00000000     00000000     
****************************************
**** Addr: 00002220 hit in cache ****
********** CACHE TAG CONTENTS **********
00000111     00000222     00000444     
00000000     00000000     00000000     
00000000     00000000     00000000     
00000000     00000000     00000000     
00000000     00000000     00000000     
00000000     00000000     00000000     
00000000     00000000     00000000     
00000000     00000000     00000000     
00000000     00000000     00000000     
00000000     00000000     00000000     
00000000     00000000     00000000     
00000000     00000000     00000000     
00000000     00000000     00000000     
00000000     00000000     00000000     
00000000     00000000     00000000     
00000000     00000000     00000000     
****************************************
**** Addr: 00005550 missed in cache ****
********** CACHE TAG CONTENTS **********
00000111     00000222     00000555     
00000000     00000000     00000000     
00000000     00000000     00000000     
00000000     00000000     00000000     
00000000     00000000     00000000     
00000000     00000000     00000000     
00000000     00000000     00000000     
00000000     00000000     00000000     
00000000     00000000     00000000     
00000000     00000000     00000000     
00000000     00000000     00000000     
00000000     00000000     00000000     
00000000     00000000     00000000     
00000000     00000000     00000000     
00000000     00000000     00000000     
00000000     00000000     00000000     
****************************************
**** Cache Accuracy Stats ****
**** Accuracy:44.44, Hits:4, Accesses:9 ****
**** Memory Cycle Latency: 404
